76416.0
25000.0
68840000.0
71378.0
645.0
10380.0
3826.0
269000.0
5000.0
1278.0
4145.0
4595.0
2460.0
10720.0
3420.0
8455.0
1246000.0
76022.0
13850.0
597.0
10220.0
42200.0
91400.0
1906.0
2934.0
3793.0
40262.0
210.0
11240.0
2600.0
4160.0
20200.0
10105.0
99900.0
4033.0
7038.0
11420.0
30960.0
159900.0
450.0
18600.0
500.0
3298.0
1992.0
5904.0
11776.0
4800.0
2817.0
1620.0
34000.0
4400.0
3496.0
4515.0
54224.0
1679.0
28000.0
3735.0
5570.0
28500.0
1580.0
222160.0
50000.0
30100.0
49000.0
2500.0
71800.0
1210.0
31000.0
5140.0
16000.0
67310.0
6400.0
17292.0
3420.0
14000.0
32000.0
3844.0
19542.0
84094.0
6000.0
12800.0
2086.0
3825.0
14150.0
514.0
39256.0
1800.0
16080.0
3364.0
6512.0
8738.0
436700.0
21490.0
14063.0
13090.0
3350.0
17070.0
19136.0
12120.0
5413.0
13200.0
2960.0
8372.0
5616.0
36169.0
6827.0
71600.0
22592.0
85400.0
5828.0
4316.0
2180.0
2600.0
980000.0
42910.0
16610.0
4439.0
9084.0
4811.0
3000.0
19460.0
7280.0
3760.0
5800.0
7682.0
12660.0
10930.0
12636.0
2970.0
13750.0
6505.0
10534.0
288.4
5405.0
7300.0
9578.0
32800.0
33400.0
13000.0
50400.0
1133.0
420.0
3456.0
38240.0
5300.0
1355.0
23000.0
1926.0
27000.0
11255.0
10540.0
13540.0
1439.0
397340.0
1588.0
7985.0
2457.0
440000.0
4430.0
8000.0
7070.0
10550.0
5920.0
139880.0
82700.0
9184.0
7260.0
79290.0
13842.0
71390.0
37705.0
3910.0
37600.0
148526.0
32898.0
74700.0
3397.0
88576.0
94100.0
12088.0
3950.0
2300.0
3200.0
8630.0
11840.0
1460.0
36700.0
3260.0
3169.0
260000.0
5940.0
32500.0
5000.0
5692.0
5364.0
15500.0
11910.0
9849.0
45100.0
33570.0
68400.0
31500.0
5050000.0
6016.0
2090.0
2682.0
5667.0
1183.0
43354.0
16655.0
23480.0
12380.0
1655.0
7180.0
80300.0
1718.0
6370.0
14800.0
10100.0
214800.0
24156.0
23000.0
17460.0
8770.0
4570.0
89220.0
51320.0
46000.0
24000.0
2201.0
2068.0
3119.0
1379.0
13930.0
180360.0
7955.0
41000.0
5164.0
4121.0
13759.0
9500.0
4867.0
28200.0
3047.0
390000.0
3314.0
2647.0
318000.0
103908.0
3487.0
15220.0
9000.0
138000.0
57000.0
64500.0
71390.0
2100.0
675.0
23774.0
6460.0
19915.0
50800.0
47261.0
1454.0
296888.0
6703.0
2800.0
3800.0
6700.0
8294.0
11300.0
1615.0
9080.0
228400.0
6578.0
2460.0
16620.0
33976.0
4300.0
248240.0
3436.0
300.0
13861.0
13850.0
4000.0
4750.0
3700.0
9200.0
14000.0
13235.0
71273.5
4420.0
18250.0
4080.0
11884.0
4053.0
1821433.45
7400.0
10639.0
6789.0
72000.0
27460.0
2670.0
8400.0
950.0
11870.0
180000.0
4675.0
11966.0
5394.0
959.0
22900.0
4750.0
5900.0
8060.0
3900.0
14000.0
7825.0
29134.0
1572.0
6230.0
270000.0
9230.0
5195.0
4500.0
53395.0
6600.0
5695.0
6920.0
2878.0
2251.0
5100.0
280899.0
13000.0
13170.0
4370.0
4210.0
8099.0
7000.0
4640.0
14175.0
40000.0
6849.0
13325.0
1200.0
30576.0
19486.0
5840.0
17415.0
5688.0
1470.0
7980.0
14700.0
10050.0
8236.0
188296.0
4931.0
9028.0
143000.0
2500.0
14100.0
9800.0
60600.0
639.0
13500.0
150000.0
3773.0
192600.0
3650.0
10100.0
10559.0
28500.0
3374.0
8795.0
24484.0
4995.0
16000.0
8017.0
3962.0
12000.0
46800.0
7498.0
121800.0
11280.0
28800.0
3206.0
974.0
105000.0
27900.0
5320.0
38450.0
794.0
5762.0
69500.0
593.28
3961.0
3744.0
2309.0
2900.0
3426.0
6900.0
5841.0
4647.0
14760.0
2873.0
10500.0
43360.0
40000.0
5844.0
2800.0
1660.0
28000.0
5490.0
2700.0
9100.0
3350.0
3280.0
5167.0
13900.0
250.0
6769.0
20000.0
10040.0
8428.0
564.0
943.0
12600.0
4330.0
9135.0
4290.0
4032.0
933.0
151200.0
1800.0
43000.0
100000.0
1340000.0
60616.0
3350.0
584.0
310000.0
38716.0
21000.0
10952.0
20100.0
6880.0
13225.0
12200.0
13065.0
4550.0
9800.0
4384.0
4122.0
9000.0
2870.0
14060.0
5243.0
9533.0
700000.0
13676.0
2702.0
206000.0
2064.0
5400.0
2434.0
2231.0
6840.0
9188.0
2870.0
17900.0
55670.0
1920.0
26746.0
2451.0
3994.0
10300.0
7140.0
500.0
211.0
175000.0
62962.0
6302.0
3085.0
2400.0
12400.0
8000.0
31500.0
1098.0
7417.0
4327.0
14000.0
2932.0
19778.0
20969.0
1862.0
3260.0
110211.0
2885000.0
5980000.0
12200.0
